DATASET: c21
NODE_COUNT: 21
NODE: 
0	68.18250552	52.23756662
1	56.7263866	32.28742038
2	15.2350627	143.1505891
3	64.66491217	111.6610127
4	143.014375	87.50969998
5	41.03674743	32.23180419
6	31.87945314	26.22635449
7	115.9354515	73.62541245
8	142.2641418	40.15753628
9	25.44411033	16.89728301
10	74.30479648	104.5248395
11	31.19534741	3.272164183
12	14.68894782	45.71133773
13	125.9543362	49.4473015
14	119.1362749	149.2005003
15	111.5566357	107.0289025
16	74.09200024	91.59433617
17	15.51536768	12.82820252
18	110.4402347	135.0419069
19	19.09493919	23.97566252
20	27.83652742	81.30996107
EDGE_COUNT: 32
EDGE: 
0	1
0	3
1	2
1	4
2	5
3	4
3	6
4	5
4	7
5	8
6	7
6	9
7	8
7	10
8	11
9	10
9	12
10	11
10	13
11	14
12	13
12	15
13	14
13	16
14	17
15	16
15	18
16	17
16	19
17	20
18	19
19	20
VEHICLE_COUNT: 30
VEHICLE_CAPACITY: 1735
VEHICLE_SHIPPING_COST: 0.53
VEHICLE_FIXED_COST: 100
VEHICLE_DISINFECTION_COST: 300
VEHICLE_VELOCITY: 80
DEMAND: 
1	1408
2	1380
3	484
4	450
5	409
6	1013
7	638
8	180
9	1409
10	202
11	1332
12	59
13	1101
14	123
15	96
16	1387
17	864
18	950
19	139
20	1302
RISK_MATRIX: 
0	0	0	0	0	0	0	0	0	0	0	0	0	0	0	0	0	0	0	0	0
0	0	0	0	0	0	0	0	0	0	0	0	0	0	0	0	0	0	0	0	0
1	1	0	1	1	0	0	0	0	0	1	0	1	0	0	0	0	0	0	1	0
1	1	0	0	0	0	0	0	0	0	1	0	1	0	0	0	0	0	0	1	0
1	1	0	0	0	0	0	0	0	0	1	0	1	0	0	0	0	0	0	1	0
1	1	1	1	1	0	0	1	1	1	1	0	1	0	1	0	1	0	1	1	1
1	1	1	1	1	0	0	1	1	1	1	0	1	0	1	0	1	0	1	1	1
1	1	0	1	1	0	0	0	0	0	1	0	1	0	0	0	0	0	0	1	0
1	1	0	1	1	0	0	0	0	0	1	0	1	0	0	0	0	0	0	1	0
1	1	0	1	1	0	0	0	0	0	1	0	1	0	0	0	0	0	0	1	0
0	0	0	0	0	0	0	0	0	0	0	0	0	0	0	0	0	0	0	0	0
1	1	1	1	1	0	0	1	1	1	1	0	1	0	1	0	1	0	1	1	1
0	0	0	0	0	0	0	0	0	0	0	0	0	0	0	0	0	0	0	0	0
1	1	1	1	1	0	0	1	1	1	1	0	1	0	1	0	1	0	1	1	1
1	1	0	1	1	0	0	0	0	0	1	0	1	0	0	0	0	0	0	1	0
1	1	1	1	1	0	0	1	1	1	1	0	1	0	1	0	1	0	1	1	1
1	1	0	1	1	0	0	0	0	0	1	0	1	0	0	0	0	0	0	1	0
1	1	1	1	1	0	0	1	1	1	1	0	1	0	1	0	1	0	1	1	1
1	1	0	1	1	0	0	0	0	0	1	0	1	0	0	0	0	0	0	1	0
0	0	0	0	0	0	0	0	0	0	0	0	0	0	0	0	0	0	0	0	0
1	1	0	1	1	0	0	0	0	0	1	0	1	0	0	0	0	0	0	1	0
EOF